2
1
3
20
20
1
tanh
tanh
tanh
tanh
-0.53838784
-0.15370375
-0.32030588
-0.15829916
0.06002945
-0.7300024
-0.7548087
0.15855247
0.52577007
0.60611445
-0.28594023
-0.9093573
-0.5475236
0.047258187
-0.34968933
-0.70891243
-0.30795833
-0.41398653
0.5897676
-0.14877275
-0.38853657
0.655401
0.61640286
0.585233
-0.27499443
0.28173748
0.68017644
0.74571216
-0.18018982
0.6518298
0.5856576
-0.42134622
0.101196006
-0.80955875
0.17471327
-1.0092068
-0.35589072
0.37985852
0.50555694
0.42845654
0.025251372
-0.39278743
0.54005635
-0.45579794
0.39540258
-0.37226155
-0.40495145
0.5254966
-0.036380216
-0.3692105
-0.23920426
-1.0154617
0.10067235
1.0651734
-0.10343611
-0.39032748
-0.6496788
-0.3668199
-0.68318945
0.121563174
-0.08062352
0.288908
-0.06569326
0.29241735
-0.15394793
-0.04370873
0.10835099
0.12228577
-0.028598804
0.24969313
0.1891955
0.4906282
-0.27822557
-0.022487469
0.13834023
0.055575937
-0.110794865
-0.19454622
0.2560323
-0.075068526
-0.06053636
-0.40435264
-0.059259344
-0.120400876
0.23794125
-0.54859513
-0.3574372
-0.057494216
0.689812
0.13844892
0.45077455
0.36225453
-0.9534158
0.032927845
0.2781533
0.5125583
0.21297695
-0.2129903
0.054143757
-0.14743114
0.11839664
0.06434828
-0.2911907
0.07192748
-0.3145872
0.23778039
-0.16620804
-0.2374528
0.094824545
0.04084918
-0.09653927
-0.10457462
0.07713715
0.08028269
-0.07974705
0.37519163
0.06452656
-0.23006493
0.27043462
-0.19614437
0.27298048
-0.0063158423
-0.2764626
0.23136763
0.04655283
0.029684475
-0.19487374
0.054811135
-0.12504855
0.14158148
0.0074174013
0.1937782
0.05213361
0.041695673
0.11250153
0.060273185
-0.24314173
-0.008195436
-0.021190958
-0.082814276
0.111623295
-0.10321521
0.024419533
-0.16810527
-0.10684053
0.027889712
-0.088236466
-0.12933758
-0.007649292
-0.047603443
-0.07383732
0.3551197
-0.20756948
0.042720646
0.1613722
-0.6203386
0.12653129
0.19062608
0.23420408
0.13805495
-0.054074846
0.0921865
0.1666787
0.094091885
-0.084263474
-0.2527381
0.13629556
-0.2960406
0.300049
0.056714453
-0.20153709
-0.11663702
0.14466785
-0.22532332
-0.029327974
0.15915528
0.2230648
0.07905118
0.26993814
0.08841248
-0.29503277
0.12864347
-0.15184592
0.07381009
0.046076752
-0.1042493
-0.034918033
-0.3101194
-0.14376102
-0.17285918
-0.38422662
-0.25926661
0.1819587
0.46368554
-0.18141262
0.55197364
-0.0813105
-1.1371278
-0.059998505
0.11219155
0.3965139
0.0027110649
0.109456524
0.13150288
-0.18470368
0.050476376
-0.16071694
-0.037211616
-0.016868992
0.07868571
-0.042872164
-0.16492632
-0.046719648
0.022806391
0.37328365
-0.15108913
0.116046645
-0.029652715
-0.8019099
-0.045100857
0.21135351
0.20676221
-0.13567074
0.0018389755
0.13070413
-0.18190463
-0.038558736
0.060413364
0.26164055
0.05425515
0.28241444
-0.33346257
-0.031701203
0.2586921
-0.23027313
-0.030507226
-0.012426099
0.5305828
-0.11536431
-0.15397286
0.19385085
-0.1194751
-0.015744573
-0.03045568
0.12919587
0.35286787
-0.13363162
0.020239435
-0.10844135
0.3063685
-0.09235935
0.098491274
0.12500066
0.26518303
0.1457561
-0.18245392
-0.28900105
-0.14171852
-0.22793433
0.075260036
0.8321002
0.034677345
-0.1851759
-0.020286625
-0.12399516
-0.17123793
-0.027722802
-0.125171
-0.024545876
-0.09474397
0.015627597
-0.07802491
0.123162664
0.23977707
0.006570207
0.17138872
0.31058034
0.16193287
-0.0862828
0.02382399
0.1458892
0.054774787
0.032939896
0.13665758
0.01083627
-0.14212304
-0.10712611
-0.26622653
0.19621992
-0.12018692
-0.0049209953
-0.05062682
0.010259984
-0.00920057
-0.029359251
-0.05680559
0.19806731
0.06286452
-0.15902425
0.22684377
-0.16054977
0.021461552
0.29974243
-0.13773298
0.107023336
-0.15377761
-0.021217162
0.18828928
0.24254297
-0.053729802
0.16312964
-0.14513865
0.06632804
0.10372396
-0.058125295
0.12649533
0.048533972
0.113494165
-0.033710778
-0.107193045
0.0677828
0.086595155
-0.010712031
0.2962028
0.06695716
-0.138534
-0.29250583
-0.0924463
0.057659682
0.18198667
-0.16273245
-0.020204961
-0.0033960503
-0.15695485
-0.15145059
-0.233685
-0.11030287
-0.3527156
-0.25599584
-0.08880206
0.27273196
-0.12096415
0.4596465
0.08161739
-0.35492104
0.15141721
-0.16593823
0.04856111
0.051159855
-0.12607719
-0.054321427
-0.06264165
-0.020932658
0.033102285
-0.21449994
-0.4391795
-0.045935296
0.021769358
-0.12286026
-0.3414379
-0.013093799
0.25829384
0.04735859
0.49074584
0.32862645
-0.88817364
0.112030305
-0.040250234
0.1284455
0.008898637
-0.23817821
-0.24632294
-0.2136496
0.08167409
0.025403906
0.15831965
-0.19581512
0.21572317
-0.14139937
0.06939693
0.23731661
-0.3065333
-0.13294151
0.13980548
-0.13684481
-0.14358097
-0.40993482
0.20584542
0.033761475
-0.1376834
-0.012307534
-0.22466387
0.12979889
-0.22627324
0.31992617
0.262174
-0.11998034
-0.31274688
0.26427293
-0.13250093
-0.08215199
-0.04536847
-0.27820006
0.049492586
0.017723493
0.00462161
-0.1916557
-0.01621436
-0.041033827
-0.111214
-0.22968023
0.12536147
0.095728084
0.21120177
-0.08365642
0.005664977
-0.024287725
0.07284059
0.050161395
-0.2571505
0.072656535
0.045731835
0.08644265
0.26398808
0.21547833
-0.2713774
0.30315042
-0.048713196
0.14602546
0.07137767
-0.06814214
0.22435287
-0.31244004
-0.014574508
-0.26898152
0.20833755
0.033891898
-0.21963608
-0.38714364
-0.22148389
0.040859047
0.02743781
-0.27206337
-0.12806483
-0.16380835
0.3709212
0.07653456
0.5263549
0.19857264
-0.57183313
-0.13024195
0.10783626
0.049536817
0.15417045
0.15600279
-0.03710721
0.05077699
-0.10326501
0.060480814
-0.27029055
0.19922788
-0.32252726
0.5336136
-0.47656155
-0.17874622
0.42970628
0.28558668
-0.38498092
0.25925037
0.07823
0.4121751
-0.52081895
0.5754915
0.33137152
-0.27528888
0.2713431
-0.6909747
0.30829427
-0.4848728
-0.13054837
0.29463223
0.3011062
0.19346493
-0.16694014
0.12516923
0.33823952
0.37001154
0.19366628
-0.319475
-0.32737666
0.3055005
-0.12197653
-0.21333387
0.31317174
0.25497735
-0.19842531
-0.27360788
0.27940512
0.36329606
0.31708947
-0.17802204
-1.0778571
-0.02493738
0.0
1.0