2
1
3
20
20
1
tanh
tanh
tanh
tanh
-0.4818316
-0.19820288
-0.36758465
-0.20900655
0.1327039
-0.56165606
-0.6983899
-0.024897238
0.19874556
0.24704425
-0.6017445
-0.69731724
-0.43254814
-0.16620466
-0.29405198
-0.64937454
-0.27128798
-0.46078566
0.5245341
-0.17569816
-0.10640317
0.5692392
0.550536
0.6101738
-0.044188272
0.2474454
0.6367405
0.621559
-0.12226649
0.65488726
0.63033825
-0.42067242
0.20772268
-0.54725575
0.1934247
-0.69546723
-0.2985875
0.5800515
0.47512951
0.2638531
0.27884287
-0.31876966
0.47868755
-0.15724407
0.49630257
-0.24831557
-0.5565237
0.4777631
-0.08739141
-0.40152687
-0.31792262
-0.6655291
-0.25864846
0.6910418
-0.23234352
-0.7048444
-0.54972106
-0.38793543
-0.61464494
0.14465085
0.0034883118
0.18655004
0.04331452
0.17544422
-0.06973203
0.02504124
0.0011946423
0.026489275
0.07205322
0.22110817
0.11035416
0.19758894
-0.1864247
-0.13870846
0.06704333
0.16320343
-0.121645704
-0.053506948
0.18656036
0.040605735
0.0272088
-0.06253166
0.16867913
-0.034348078
0.20742986
-0.2117655
-0.02349671
-0.182111
0.12738332
0.16764128
-0.2230093
0.13851683
-0.18016593
0.105530545
0.20327778
0.0012048249
0.2038543
-0.16839364
0.08746905
-0.01211161
0.17607412
0.028273547
-0.1625502
-0.049275976
-0.13721792
0.034298684
-0.03336154
-0.12986231
-0.08061893
-0.10264263
0.074605204
-0.1684166
-0.053744588
0.01865358
0.08489066
0.1879881
-0.06334632
-0.07477546
0.17721799
0.036283758
0.1295737
0.15422398
-0.15501498
0.1559177
0.0649886
-0.033693805
-0.12015609
-0.015291645
-0.18605149
0.20832248
0.20131421
0.13627863
0.1324255
0.08811356
-0.020219142
0.0048262565
-0.17333926
0.06782829
-0.06511772
-0.08265455
0.005623991
-0.10777706
-0.058579694
-0.2142302
0.026268348
0.058628287
-0.018754873
-0.18405016
0.1275151
0.077313535
-0.14778344
0.10024658
-0.15990573
-0.17080311
0.07070994
-0.024387341
0.18298557
0.12572874
0.062368527
0.17533724
-0.06474059
0.16180082
0.17658195
0.1610586
-0.05213259
-0.17921825
0.028859606
-0.18743488
0.17441049
0.1307977
-0.13887833
-0.22235237
0.062124837
-0.11359777
-0.05839726
0.078222856
0.16521838
0.18491656
0.15815948
0.014895404
-0.2143031
0.029404348
-0.012474638
-0.04301168
0.1251806
-0.014469814
0.20815735
-0.1600962
-0.067379266
-0.20488802
-0.14342055
-0.016964843
0.09100267
0.029175267
-0.15626004
0.12125468
-0.21966246
-0.1965832
-0.014317288
0.03977908
0.09955755
0.0418522
0.21460956
0.18095025
-0.036200512
0.15603016
-0.16165112
0.093806915
-0.0043150745
0.1603711
-0.11465287
-0.029274134
0.076588385
-0.06505116
0.21856663
-0.083998516
-0.09263453
-0.13966703
-0.032749303
0.029426659
0.13156304
0.026240068
-0.07995717
-0.021982836
0.20813592
-0.18830597
0.031999577
0.10818967
0.1976455
0.17612095
0.16975206
-0.20803611
-0.10050266
0.2165602
-0.11990445
-0.10068832
-0.12549648
-0.006313129
-0.04239694
0.03111833
0.09072567
0.0030309479
-0.090236045
-0.14185978
0.209353
0.21191683
-0.021368975
-0.09516368
-0.21160516
0.19198838
-0.20883526
0.059672058
0.14265853
0.15023933
0.034851503
-0.13808806
-0.06835747
-0.15474884
-0.015225245
0.14514138
-0.077832155
0.006705132
-0.15228046
0.12633158
-0.12860887
-0.21239771
-0.06358998
-0.20954105
-0.075775966
-0.09748912
0.076236635
-0.1684483
0.21088038
0.12966879
0.06518095
0.22306794
0.22146642
0.08979955
0.011155006
-0.0077919774
0.07740598
-0.10183831
0.12640844
0.047152396
-0.054247532
-0.08150317
-0.20221192
-0.1468694
0.09444877
-0.05431692
0.07784511
-0.15819815
0.024326485
-0.08024649
0.0398812
-0.1645048
0.097730175
0.13708407
-0.0007144876
0.16424605
-0.0035915505
0.10245964
-0.14976974
-0.20320699
0.17844845
-0.023587687
-0.07180646
0.22155146
0.16418016
-0.02465726
0.09531114
-0.19509254
-0.03684641
0.119336225
-0.13020788
0.19522649
-0.054879893
0.016682476
0.04129826
0.07156528
0.0059716385
0.22229095
0.06832111
-0.10649677
0.0030239641
-0.06709096
-0.17346236
-0.14037427
0.085086696
0.10058391
-0.14085476
-0.09031236
-0.054532968
-0.023938295
-0.10653516
-0.18427466
-0.14709523
-0.21385211
-0.13312913
-0.14588772
0.057277307
-0.0833572
0.13922936
-0.011242597
0.009793737
0.19856422
-0.2148749
-0.17931326
0.07329661
-0.14803185
-0.009894123
-0.053578787
0.025207574
0.057043377
0.029695138
-0.13485932
0.014485594
0.0003365854
0.11912689
-0.0955395
-0.09982019
-0.13307987
0.058587477
0.052294847
0.18267815
0.1338971
0.16014759
-0.09941891
-0.17597386
-0.0023857926
-0.10390845
-0.2124356
0.0052044257
0.16527972
-0.014790858
0.08049946
-0.05016402
0.07997146
0.016443051
-0.01272739
0.1820396
-0.17352395
-0.06267643
0.002701453
-0.19729654
-0.054498952
-0.005830282
0.0782176
0.1789011
-0.0824364
-0.1391475
-0.12706745
-0.04750383
-0.08215565
0.19332579
0.14763302
-0.1517503
-0.18705672
0.16642158
-0.009643237
-0.114450715
-0.059917852
-0.17908452
-0.012279996
-0.094321266
-0.13274676
-0.12725532
0.22305341
-0.14399396
-0.0051069176
-0.22135882
0.036228925
0.19878149
0.0784473
0.03844135
-0.077946566
-0.12523726
0.21182087
0.017705906
-0.117225334
-0.06253406
0.1876246
0.20288108
0.12205165
0.039734777
-0.16406503
0.17639317
-0.17711496
0.17801522
0.19119127
-0.1973448
0.05068245
-0.22300985
-0.07799513
-0.105204865
0.14068305
0.13921753
-0.15146178
-0.22312789
-0.16155559
0.09003962
0.00047980814
-0.105711594
0.029996164
-0.22120829
-0.015012903
0.10471282
0.16900037
0.10751653
-0.1909732
-0.09425706
0.05758849
-0.17872652
0.1810991
0.1795675
0.003228842
0.1011298
-0.036407813
0.07790996
0.0013727844
-0.095413364
0.07376765
0.10054683
-0.1858119
0.030478612
0.03480939
0.016288074
-0.010738319
0.1998147
-0.21647245
-0.11600868
-0.14083262
0.16264004
0.031847823
0.1029109
-0.005157857
-0.20811842
0.0033364792
-0.12260313
0.123854496
0.14197333
0.040556047
0.034149997
-0.06257629
0.10771133
0.20053148
0.101581834
0.18940343
-0.16066548
-0.15327884
0.11201646
-0.10878018
-0.16714787
0.1831655
0.033811387
-0.06616045
-0.10557237
0.109276965
0.17960836
-0.01403836
-0.11802766
-0.18891191
-0.6004584
0.0
1.0