2
1
3
20
20
1
tanh
tanh
tanh
tanh
-0.6046597
-0.13919747
-0.25237963
-0.11482777
0.0036430184
-0.61955184
-0.8177755
0.18631215
0.33086327
0.39040682
-0.44420066
-0.7701283
-0.5810034
-0.13301088
-0.17001064
-0.7757099
-0.2839351
-0.33796522
0.61027855
-0.3384643
-0.21070348
0.6922911
0.6564242
0.50682354
-0.20600706
0.3503719
0.6764922
0.7380337
-0.109648645
0.52981824
0.73651236
-0.40695074
0.07138586
-0.45910558
0.049253695
-0.79840523
-0.2839408
0.5033462
0.47304913
0.41220585
0.096573524
-0.39386138
0.6042582
-0.5342652
0.35681936
-0.29494572
-0.47898036
0.41313747
-0.056499552
-0.41329387
-0.27963817
-0.8221826
-0.009334183
0.74119925
-0.10531921
-0.4927916
-0.63526154
-0.3524423
-0.65723145
0.1050551
-0.11193619
0.23929912
-0.05226687
0.25674078
-0.18786716
-0.08558146
0.09765752
0.16803005
-0.004532648
0.34856427
0.21227801
0.12009472
-0.262696
-0.046503335
0.19907907
0.085528135
-0.11420768
-0.1454674
0.21183631
-0.047853235
-0.04061551
-0.21334137
0.21608993
-0.14672057
0.30508992
-0.36119175
-0.17044227
-0.06776302
0.36592487
0.07640948
-0.038913213
0.26279077
-0.21918398
0.012306041
0.30901054
0.1754464
0.12946491
-0.123134814
-0.018694852
0.041366618
0.08141576
-0.046964608
-0.30150044
-0.05010497
-0.25443143
0.13557677
-0.17545724
-0.2642915
0.03903866
0.06403476
-0.014255395
-0.018991001
0.07374584
-0.11664672
-0.01535026
0.29464749
0.09199874
-0.14763805
0.21527432
-0.07417756
0.16342725
0.060889393
-0.22087795
0.3070003
0.037747677
0.062354494
-0.19599533
0.13717745
-0.04296768
0.110162504
-0.047808155
0.20442785
-0.061950892
-0.022564944
0.16195807
0.077506624
-0.26262376
-0.113637835
0.001371118
-0.10692819
0.093272895
-0.13395616
0.027347285
-0.16022411
-0.098223165
0.098456986
-0.10712491
-0.10904319
0.00072531274
-0.041024715
-0.058547072
0.29019493
-0.23000893
-0.016633444
0.16960238
-0.18357888
0.11017137
0.20954643
0.20887709
0.108626366
-0.022051314
0.07947103
0.22520192
0.08422143
-0.11115679
-0.2932999
0.031344257
-0.278529
0.2542451
0.015013801
-0.24861462
-0.1309678
0.21762122
-0.18595919
0.06558389
0.17718501
0.0119052185
0.10474135
0.24063589
0.14037009
-0.26708475
0.09025077
-0.09706277
0.015536906
0.060607094
-0.070168816
0.0673297
-0.109382235
-0.17288704
-0.11594108
-0.28610706
-0.15310818
0.1977284
0.2324503
-0.23977873
0.28407025
-0.10440864
-0.38332236
-0.09820202
0.14137396
0.25603592
-0.040294793
0.24200913
0.08120388
0.004434343
0.05818516
-0.23318543
-0.017214995
0.04742675
0.06853257
-0.028772237
-0.14316101
-0.029954959
0.028604789
0.34056863
-0.16519086
0.04178034
-0.03528587
-0.27588698
-0.053478528
0.21923895
0.16129914
-0.1506069
0.03708012
0.12089032
-0.10743318
-0.042315125
0.04006256
0.28333753
0.084075786
0.25385705
-0.29365835
-0.009270954
0.29742938
-0.20376864
-0.15853845
-0.03945165
0.118361056
-0.12414591
-0.085169286
0.16968185
-0.084014334
-0.16980264
-0.06548309
0.13610107
0.29696274
-0.1094384
-0.020006036
-0.12835684
0.31570643
-0.2554965
0.15720682
0.057474
0.27611873
0.15382487
-0.23643997
-0.23764804
-0.07468765
-0.15599477
0.03909976
0.11893714
0.08880806
-0.24510363
-0.013027474
-0.05536626
-0.25822628
0.02897217
-0.26467487
0.008589584
-0.029000962
-0.05060434
-0.119486846
0.108742945
0.22283532
-0.0644736
0.10072515
0.32501143
0.25651634
-0.076152444
0.13708876
0.18958355
-0.28291923
0.035393953
0.14308214
0.090132535
-0.1527074
-0.1330165
-0.2432675
0.16812979
-0.13401234
0.005072177
-0.04368861
-0.01893515
0.0071422546
-0.038758423
-0.047663104
0.20693769
0.048200283
-0.1469347
0.23801428
-0.14848363
0.002567246
0.03876589
-0.12646683
0.096026115
-0.16466753
-0.007237486
0.16697234
0.24598849
-0.088219464
0.16546178
-0.13358133
0.0880693
0.07335914
-0.0373431
0.11486219
0.0728278
0.13618779
-0.052464157
-0.10673656
0.08156908
0.07525927
-0.034233972
0.09701569
0.080466636
-0.15615706
-0.3157948
-0.06887045
0.03987725
0.18784454
-0.19450441
-0.009099011
0.0097084325
-0.14019123
-0.03740953
-0.27667084
-0.059633747
-0.3332098
-0.24385183
-0.05229026
0.21033819
-0.16787735
0.28778473
0.091826215
0.067257054
0.11488856
-0.12503481
-0.03602753
0.0008928368
-0.075731546
-0.098586
0.03109107
-0.04968051
-0.017258905
-0.13085097
-0.1107159
-0.11388756
0.11349831
-0.04160784
-0.25323924
0.03142723
0.081255555
-0.044167478
0.22923286
0.3221243
-0.11460049
0.05057356
0.020122563
-0.00062147574
-0.083746046
-0.0627337
-0.3335139
0.048740823
0.05838338
-0.094322175
0.1844527
-0.1335759
0.17596087
-0.07636959
0.09494881
0.28098634
-0.27047253
-0.19485746
0.09275232
-0.302118
-0.15331435
-0.123374596
0.16568972
0.08475633
-0.20408586
-0.063555844
-0.19680926
0.047271024
-0.16641153
0.27301335
0.22976863
-0.047779802
-0.27905568
0.26011306
-0.10363737
-0.0063956836
0.039470047
-0.2735516
-0.17620718
-0.0016508759
-0.23919535
-0.22397335
0.1028028
-0.05508397
-0.09839907
-0.34292668
0.11214728
0.114374064
0.1706734
-0.055475287
-0.0028834853
-0.039405223
0.061643273
0.02545953
-0.22492756
0.023229558
0.03502369
0.0605602
0.23289898
0.24062438
-0.23742615
0.3648576
-0.049534254
0.03751744
0.103461996
-0.10539312
0.2382425
-0.28504542
-0.036196966
-0.20134307
0.17653207
0.060366113
-0.20427977
-0.34556523
-0.083918214
-0.0036250954
0.08489207
-0.23123942
-0.0874183
-0.12753777
0.19253372
0.02170896
0.30700192
0.20561661
-0.102822065
-0.1724076
0.1520899
-0.046813656
0.0995895
0.22828688
-0.08775434
0.16580062
-0.12581854
0.0012360554
-0.08302323
0.091762066
-0.04091988
0.2408642
-0.28149986
-0.04702755
0.15292832
0.10741997
-0.15219674
0.23977086
-0.11273347
0.21701673
-0.27037036
0.2839011
0.12775856
0.021591611
0.17129762
-0.33213174
0.17258848
-0.19137785
-0.011597164
0.28356096
0.18986766
0.16870582
-0.13128601
0.10708786
0.32522547
0.25598392
0.16360608
-0.29331934
-0.31186467
0.2830645
-0.099064186
-0.19437881
0.27687815
0.19698758
-0.18771064
-0.25944155
0.2500845
0.30011076
0.16912696
-0.18605405
-0.72909087
-0.1981891
0.0
1.0